 "HandLength" = 3.7300000000 
 "HandBreadth" = 8.1151000000 
 "TFL" = 0.0000000000 
 "DorsumLength" = 3.7300000000 
 "ThumbLength" = 124.2702000000 
 "ThumbLengthi" = 4.8925000000 
 "HandBreadthi" = 0.3194900000 
 "HandLengthi" = 0.1468500000 
